# relative_time, cycles_done, cur_item, corpus_count, pending_total, pending_favs, map_size, saved_crashes, saved_hangs, max_depth, execs_per_sec, total_execs, edges_found
60, 8, 0, 2, 0, 0, 60.00%, 0, 0, 2, 571.25, 33092, 3
65, 8, 1, 2, 0, 0, 60.00%, 0, 0, 2, 530.49, 35879, 3
71, 9, 1, 2, 0, 0, 60.00%, 0, 0, 2, 481.45, 38382, 3
76, 10, 1, 2, 0, 0, 60.00%, 0, 0, 2, 485.63, 40863, 3
81, 10, 0, 2, 0, 0, 60.00%, 0, 0, 2, 489.07, 43390, 3
86, 11, 1, 2, 0, 0, 60.00%, 0, 0, 2, 442.51, 45715, 3
91, 12, 0, 2, 0, 0, 60.00%, 0, 0, 2, 538.98, 48398, 3
96, 12, 1, 2, 0, 0, 60.00%, 0, 0, 2, 526.89, 51248, 3
101, 13, 0, 2, 0, 0, 60.00%, 0, 0, 2, 468.33, 53460, 3
106, 13, 0, 2, 0, 0, 60.00%, 0, 0, 2, 519.78, 56085, 3
111, 14, 0, 2, 0, 0, 60.00%, 0, 0, 2, 532.69, 58558, 3
116, 15, 1, 2, 0, 0, 60.00%, 0, 0, 2, 466.17, 61070, 3
121, 15, 0, 2, 0, 0, 60.00%, 0, 0, 2, 567.07, 63984, 3
126, 16, 0, 2, 0, 0, 60.00%, 0, 0, 2, 544.01, 66687, 3
132, 17, 0, 2, 0, 0, 60.00%, 0, 0, 2, 564.21, 69407, 3
137, 17, 1, 2, 0, 0, 60.00%, 0, 0, 2, 527.87, 72190, 3
142, 18, 0, 2, 0, 0, 60.00%, 0, 0, 2, 592.85, 75276, 3
147, 19, 0, 2, 0, 0, 60.00%, 0, 0, 2, 513.08, 77916, 3
152, 19, 0, 2, 0, 0, 60.00%, 0, 0, 2, 495.16, 80405, 3
157, 20, 0, 2, 0, 0, 60.00%, 0, 0, 2, 595.54, 83597, 3
162, 20, 1, 2, 0, 0, 60.00%, 0, 0, 2, 468.71, 86015, 3
167, 21, 1, 2, 0, 0, 60.00%, 0, 0, 2, 541.93, 88820, 3
172, 22, 0, 2, 0, 0, 60.00%, 0, 0, 2, 463.95, 90933, 3
177, 22, 0, 2, 0, 0, 60.00%, 0, 0, 2, 554.79, 93851, 3
182, 23, 0, 2, 0, 0, 60.00%, 0, 0, 2, 544.73, 96409, 3
187, 23, 1, 2, 0, 0, 60.00%, 0, 0, 2, 450.43, 98664, 3
192, 24, 0, 2, 0, 0, 60.00%, 0, 0, 2, 495.99, 101038, 3
197, 25, 1, 2, 0, 0, 60.00%, 0, 0, 2, 519.18, 103848, 3
202, 25, 0, 2, 0, 0, 60.00%, 0, 0, 2, 514.24, 106264, 3
207, 26, 0, 2, 0, 0, 60.00%, 0, 0, 2, 514.12, 108907, 3
212, 26, 1, 2, 0, 0, 60.00%, 0, 0, 2, 467.13, 111309, 3
217, 27, 1, 2, 0, 0, 60.00%, 0, 0, 2, 526.85, 114198, 3
223, 28, 1, 2, 0, 0, 60.00%, 0, 0, 2, 433.16, 116276, 3
228, 28, 1, 2, 0, 0, 60.00%, 0, 0, 2, 365.91, 118100, 3
233, 29, 1, 2, 0, 0, 60.00%, 0, 0, 2, 399.27, 120132, 3
238, 29, 1, 2, 0, 0, 60.00%, 0, 0, 2, 467.93, 122601, 3
243, 30, 0, 2, 0, 0, 60.00%, 0, 0, 2, 450.64, 124798, 3
248, 31, 0, 2, 0, 0, 60.00%, 0, 0, 2, 519.79, 127544, 3
253, 31, 0, 2, 0, 0, 60.00%, 0, 0, 2, 617.90, 130857, 3
258, 32, 0, 2, 0, 0, 60.00%, 0, 0, 2, 480.82, 133135, 3
263, 33, 1, 2, 0, 0, 60.00%, 0, 0, 2, 445.69, 135476, 3
268, 33, 1, 2, 0, 0, 60.00%, 0, 0, 2, 458.41, 137854, 3
273, 34, 0, 2, 0, 0, 60.00%, 0, 0, 2, 419.50, 139903, 3
278, 34, 1, 2, 0, 0, 60.00%, 0, 0, 2, 459.19, 142417, 3
283, 35, 1, 2, 0, 0, 60.00%, 0, 0, 2, 439.32, 144586, 3
288, 36, 1, 2, 0, 0, 60.00%, 0, 0, 2, 477.16, 147052, 3
293, 36, 0, 2, 0, 0, 60.00%, 0, 0, 2, 621.04, 150225, 3
298, 37, 1, 2, 0, 0, 60.00%, 0, 0, 2, 484.39, 152613, 3
299, 37, 1, 2, 0, 0, 60.00%, 0, 0, 2, 460.14, 153065, 3
